853273
16415385
13902330
1000686
11375641
6923295
11487951
13612155
7193452
2474095
12769353
1523537
3650395
10698442
1090136
5032187
1047654
11556095
6131495
5623778
3165057
1497994
9244765
657176
13120388
2113999
6921288
11030379
7227023
1027765
2485096
8604749
711810
1012995
367087
4280905
7523583
8177023
5503065
4121410
2739015
14113940
13097035
3102218
15659041
6801325
3029055
11925681
13547830
15259846
1919933
1582165
1949053
8691415
3713768
8576067
7758634
9994459
10802820
5115359
9425969
6242528
446570
12849387
11307660
14755433
7708619
10825138
10048673
6579425
8535894
6788564
14244805
13837625
15527324
5644964
2830917
2827039
11673828
9791083
8545169
5791526
15641252
2824760
1543942
7367241
10407863
16184719
11031636
11584733
6644820
1418686
2348794
10997147
733590
220533
12411926
4718070
15409494
15048699
11326175
6256925
9678779
10167111
12190514
5383236
13628367
10446638
14735149
7410347
15265029
14598937
6624100
7968726
7577193
4709545
6853922
12777442
11699391
10665513
8363592
14594698
10028712
11598052
2482841
4104886
15743038
9739019
9720294
12948388
2130560
15749188
2821404
12847047
11664657
9841857
5685619
12344659
1266350
8102500
4652012
4619055
874744
15698766
2199504
5836689
1756865
1997623
10650759
5902832
8807533
8941010
15548654
7056712
13953894
461505
12706903
7770027
4761577
2296760
4028091
2984492
12572386
1287615
13783573
9222614
10474420
348164
12440993
16482607
14904122
7986938
10815638
11559693
11668833
851789
5551165
3695877
12658949
11130541
14093428
8956607
7420378
6059630
14422390
2178458
8540520
16005795
11615596
7128780
4867595
5496184
8328049
15980268
12683573
2719617
15795140
8009299
5700620
6950903
12159395
3000113
16265893
12916972
5839263
6780497
3960308
14881041
3773310
4744126
14114478
14803934
495505
8796738
4942606
894861
9282794
11214221
11721335
2462721
14695264
4441196
15847362
13284169
4630806
15560664
7631057
6799951
1130294
6112006
16698318
15790902
8190928
4582579
6552397
13908162
5261111
4133088
11761194
10569822
15423720
15533330
8671699
3622000
3832519
2908606
4337975
7604217
12630225
2616097
2722631
3814604
15920738
6503436
13663636
14918709
15292684
12345187
14701865
3521636
10199656
16034590
12969266
10475677
6022789
2710137
14314427
13346020
10734248
14077604
11248643
16161990
14149486
1333004
5992353
6632874
13974047
9819513
12951271
11232578
1841607
5603514
16349555
379317
1203627
3541897
922921
11776095
14189347
10370668
15982404
10051396
16527396
15854563
148530
6914514
157126
10842142
15246236
1665251
12583342
631223
9498815
11879871
12596930
477532
1833178
2544958
9948062
2329702
1340496
8952136
4917276
258950
6891385
2695294
8722900
14496840
2787594
13675534
2335153
136237
15661373
12799876
10506720
9283419
3578311
11490258
10992341
14873985
8621759
12382916
10112981
8744593
16242588
6520997
15298154
6512700
15874129
2931734
13037598
4928973
13549952
12092872
7346798
1980398
6000312
11522115
11414834
7264860
16655958
6398136
6579125
6593567
10525630
2411157
7272339
4381949
7730466
10767743
13569489
12235312
9004560
14116428
8052182
4337201
6843023
6180045
15318753
9325924
13608803
16117537
1571372
14152955
4347547
640491
4693573
15690753
251751
2095046
12806712
1853884
7164039
15246354
9700590
651760
15141241
10117781
3659160
2484312
9616106
1061929
16198995
8137428
11493011
14124622
14104305
1283660
1340675
16588171
9697458
3829488
3604599
16590364
12008166
16540396
11010587
4986317
9467566
1296348
2801304
7541181
14948300
15204710
4770601
6628630
3335160
15442791
227496
3969046
9093254
5653951
11397754
16250396
14306310
10585244
5408354
15479798
12633163
935798
1551506
4162118
8708498
7812174
2178938
11495520
1838291
12637688
2137351
6975500
3963100
8533020
11184686
10149661
16579495
5817488
16617876
2207510
5592681
9578580
2239110
2824683
8922891
1055993
10465560
12337963
10927176
15830700
11456426
2655252
6039112
2195792
10940356
7193723
13977471
14051628
6983764
12779440
15301826
5435263
11068726
1499475
13846206
6784581
9399002
15034212
16564912
9613777
7683247
14426818
1751790
1753211
12972237
283383
1681869
13799913
11946805
16603965
12298690
9236868
870819
13789802
15625191
7232693
12423883
5995472
7066074
1533534
4467567
6537472
11047077
11497362
12920194
10555879
11184029
811827
5942300
14880490
14272343
9265233
10483363
11494710
16107875
2275201
7086385
6499829
2085185
3529534
5387175
332503
6869253
6521972
4491151
8321781
337954
14519268
12302906
9771037
6787203
14100692
2891817
11119429
9251948
3231398
2993164
8160562
4808379
7915391
16257592
3916583
15218164
11404017
5438624
3376392
7020786
16191190
15988444
16459592
1433994
12590874
13803751
16125355
2635048
10537214
3945909
4407613
1336645
7512235
8831945
2318711
3819765
15224442
15994198
15916098
562403
7019833
1904242
14126927
10059755
4732403
14550581
16137475
364318
7115129
13020818
7427410
9638959
9801122
6709739
12911809
10275924
8132034
7032906
8859425
14603106
8424522
12770396
11709853
4683340
13883542
10272009
4582974
13992292
9959727
5621691
8903502
8032396
15968639
12401681
15466647
6111788
1805295
13119453
12998945
559118
7141316
6499553
1867453
1946421
15349425
6898920
12282740
8536239
9073223
3972929
7749861
10704036
831118
6213836
923793
13215295
10579738
10872871
12685098
8866262
9607081
8056455
1391143
10757758
8579859
2776635
6719276
5722189
4553691
11181488
11765290
1460467
10308331
3179563
8586896
1840061
16000098
1515592
12077946
11196653
6885685
5829264
8703859
7585085
4919421
7689282
1596421
2999694
15955392
16338594
2863443
14926658
13866086
2911699
8358840
3865404
15086750
8423032
7718533
12687230
2141581
4627178
13388059
3541332
13370482
9529089
13978553
4052800
2280075
9055205
14557638
8152700
4779326
1731470
4734112
8329834
6203054
7266547
3637912
5739885
11088465
10576396
11646529
6841513
2157204
15658780
9351403
3427222
6728579
10300092
533756
8492022
9209018
15086455
4577166
12454505
4014962
11629987
2456027
14937872
8560238
12705406
1839081
2972611
514533
5106529
6293547
6827518
701197
3515651
3771636
9179441
14877444
5221057
16597492
2620980
9019650
12662718
14777199
4621698
15795601
14774188
10309462
9771910
2329953
13460980
9095179
1372026
11932618
2626491
11104858
10329717
4727968
4449070
3918308
9065472
4391978
12608566
9915974
530420
2565190
10562438
5491984
16749993
4966567
13796521
8814326
2783823
8923910
13202803
12887689
1343227
12029093
10240207
5403218
5154365
9211443
12583847
13490253
3437622
9878340
5557274
14035812
7912134
943350
621803
1595890
11581727
866615
10451074
6716447
3276306
8854317
5387126
14145408
8447614
9098958
8776174
15816800
14900423
1683310
10647756
5514716
8997591
9791584
8599253
8006198
12850431
9388293
4406913
8636822
9732373
5967047
16663156
10978563
12724618
7586929
3954687
5552724
3245978
11924236
3172412
5782132
16560515
13014577
6796470
2165443
11014540
9005564
3034043
16558570
5373923
7157098
10739118
7719481
15575980
14822861
13454282
7415895
980515
4305208
16377106
5591794
13999535
2605440
10662684
12162082
10591377
8537385
3656075
3622171
2568279
4205354
6573077
14192152
873073
8798912
11408134
2600075
2764861
14722002
14317819
6579705
3182467
10860407
12198352
3030119
2499746
2012430
6577495
560809
11880462
15417382
12340365
797069
12697881
13490190
16318656
11035551
1149969
6040638
5209337
981496
12818555
14414657
13147837
15281794
5239203
9598139
11370246
6331659
10946284
1379642
4297484
5222821
14336567
1973326
4565299
12406258
10266712
15742217
10910973
1638729
15972816
1986447
12511420
15474421
1998918
13826478
4280354
3091281
12218047
12324282
14978945
11770372
13317970
1954775
4920342
3412567
13840407
8274907
2262318
4235331
10453558
16424592
266374
13235913
5066851
12195275
8237217
2269172
7529913
1615124
5377616
12545545
2910654
6525441
8032773
1135983
13343322
15197546
11678170
9174298
3944431
12926601
4594080
10459535
8016416
3076349
5357172
340472
777379
2346786
6146765
16137549
15077985
16141780
8310255
12315665
12003668
13952480
15216169
6135781
4731613
10445984
16102197
12356092
2040337
3539276
11368798
2394684
12772111
7070016
12409358
11724785
3990448
9940060
13248147
1107946
6510086
12252400
12222939
11567119
1544073
9610820
1571073
15020967
3400880
5776080
9251963
14914304
4810333
2558330
5349274
2087524
4462050
469223
9504284
7472388
7213953
9206501
1165901
2782697
5278474
6304082
7530029
12030187
15972581
3677080
13375962
13077814
12406743
15253711
2807094
14227479
9782300
15948053
1889719
4490879
3930818
8835401
12402372
6171649
8977401
4311410
13092606
3843076
13265865
11808917
11739707
947033
14028255
10879576
2947811
11223706
2934332
6591761
11153583
410186
9120097
4311875
14123690
14884396
10715641
15786816
3199384
1483500
7270484
13446387
7244451
8134145
14884848
7067941
8979341
2695281
14362846
2208117
3429657
7542808
6696275
5750134
13367759
5827869
11351730
7711153
14338488
14620757
14929980
2607720
6763213
14119050
14116871
15236847
11427186
4195818
12523581
14079264
13537140
8515924
2300527
3995701
4987457
12385954
16628902
9251997
16625271
3465900
10724128
3992821
14713313
2321789
5755354
9688098
490067
10970079
2047445
4268011
16181738
4636496
1265313
13965031
15430719
8303977
527587
13102758
9421650
15967681
15464896
12319789
13947355
11914382
1535115
9970578
10224333
4396650
1869758
7429224
6946496
7652375
8749897
11176462
10785534
3055979
6705200
10109352
4161212
7515694
11276306
15394136
11296017
3758139
14815585
775924
1280249
14434550
10223428
16096469
4982680
7097089
4831424
5338034
9568185
10419419
6899267
446868
4984638
13344836
15275490
12012002
7382014
7782702
4975991
13869692
16666692
13727803
5619067
1435451
9932730
1132834
7473083
7415313
15956806
15739532
7418158
12063472
5381348
11911326
5807582
15733308
10306364
8780481
3645567
14785333
6449935
12355082
12536906
7613436
742984
13704518
11093727
7626559
2863326
16532368
15431800
3107450
13461040
12964920
9472527
15944670
2191855
1691623
10656587
408158
12429588
8620239
7441356
9378409
363932
3914805
8332513
13533139
5328477
5575601
13558044
8678177
9889327
4659722
10155527
8902453
16213843
15066114
3182859
4476337
11803611
2284041
3232486
8988092
308832
3367528
8805450
9925646
1802797
15345996
13535742
6933797
4045692
5229291
11312757
6497604
6754862
6187267
16601621
4441791
11413435
15582689
4708716
14258033
3581689
11714924
11082035
15961021
12035446
13911498
16394904
10441112
11816448
8119969
8070720
6488655
15308310
16424280
3508595
13893490
5496754
14052171
6719086
15312982
14682608
6512244
13483565
850661
13267151
7008976
16008954
15197748
11651638
13852814
12811996
16336992
1144856
2603512
10122098
12572047
7065720
15419909
14094583
15465645
6471581
13124261
3192843
13556108
7207598
14755306
6827154
5868674
1795170
7369883
16473904
9119573
7679560
5696756
16690726
4628323
8995483
6568690
2009311
6213481
9072710
6977010
2220873
15667473
11876411
4688692
16069105
16185747
1752008
458614
9891374
13207084
8364809
10410165
4212970
6936322
15635484
16282143
2612047
15426104
5204742
8469557
13542770
14569320
15495880
1742906
14193685
788142
2671954
10882391
9895684
11509633
14697851
840969
2676956
5966910
12298067
15683825
7370498
5046535
16528250
12542854
5692473
1679618
13409628
10564815
5288381
13632867
2348395
15847909
13957326
745400
484233
2545381
971152
1019425
5697046
3755169
2247314
15388090
4012818
5229456
9391789
8994679
7046648
3037540
12039145
11089633
15040976
5520344
4382134
2222829
3870531
6872983
14091876
4511739
7965993
12126811
671417
3457390
7662387
12241377
8562312
6369791
5059885
9188052
6284727
9117131
7621941
1386847
14487923
14940594
8771604
15306207
5305673
12151305
4590571
1675503
6236871
7561444
10349018
16336886
195452
8586102
8549240
2448457
6957222
4616167
483133
14004281
16730248
7148252
7839770
15778875
15356713
10735499
8220368
13994260
2985599
15536087
8670086
9436883
3447848
3325213
12467816
14727747
2998406
8591271
9784078
12138436
14832559
7138246
4923025
2697540
8052667
9462125
1785859
12905163
14937343
14995408
2748761
11571913
12946276
2288460
14430028
11474797
11265902
4471308
11814178
10781997
2736517
8715592
11393215
11854542
10321431
10306316
11175855
3477891
13452399
3493979
16103971
362989
4178072
8081234
16613700
2977339
627054
13339045
13544806
14091297
3352273
12021532
2360048
1416187
9780274
8145712
7734526
2646795
2593022
8160781
14311137
12919464
10279434
941340
10022124
13228766
15398136
13271113
14343387
15938106
6385545
9790391
3189355
7236412
9287950
6579262
16640177
1038425
15829697
14432357
5314483
6643321
15526976
5851583
1324001
3051865
2284446
14896312
12348639
10109586
9710405
4597920
13135641
8798363
15872907
1736891
11274854
6331551
10162481
264830
11377639
233955
2841838
10061509
11636008
16344332
6722071
10056931
10764865
2550447
4666028
3952849
7731083
15423598
9276812
6609512
12587314
6055955
706360
5248189
6827680
1988146
13321813
10259212
302430
2943798
279138
10827362
7892433
13853697
16399408
16184678
199573
10021863
15950956
14997482
6137620
6191637
2892807
10752993
1409344
1355374
12080272
5108313
15337749
850521
10775148
11180711
6172625
757516
6654095
10201519
8722533
12165531
3787710
11330678
9616390
1268557
10562142
5706127
13102106
12902297
10689741
701940
2858284
1255077
14641306
10340569
1389024
12111922
13196895
11122893
5495838
10661233
16618962
6992933
13017344
6720924
11511146
2296095
12997961
929508
16376397
7516288
10385227
6242506
8667497
5659023
7359592
15379432
15389537
15358318
14515824
275176
12310943
8850309
9944110
7974530
1860349
388736
9628593
6434867
6879659
9511646
3168167
926414
3205496
5441150
9252732
3525103
16168259
1521070
11841158
221191
9542486
4132752
6913501
2716370
6924921
9134656
1003799
11027913
14253052
5479747
5602369
7081646
9943387
6942469
11938843
6309619
15871516
6567660
1250454
4742052
9062233
4358555
8822851
2449753
11010501
9353791
1306933
1546408
16700478
1364893
7279753
3823287
15075294
11237272
8034448
8256170
4458018
1537366
8056347
8782079
9423370
16314071
3179318
4448047
1843506
1214496
9303079
7688586
13012385
12748093
3332622
7026843
2039706
8610690
6435118
14774331
14925777
4173372
13815376
9268748
806280
1233350
7298857
10519831
12669066
3527322
8958021
8443387
12938376
3275308
9885490
12319850
15423819
12108518
9309490
8261761
7991592
8136814
9623802
6720255
6452341
15446928
11481208
15127428
388412
16083639
7195061
14212467
15180078
14000816
2713449
11876505
3123351
5732551
8766926
3388217
11237260
4167879
11754176
5655016
6867353
8355931
15371275
5712720
14469125
16480134
9155655
8415451
12598902
7883931
3499116
8470082
3180758
4127464
6298266
1586924
8574854
11323313
4730997
1230444
10496890
4338346
15683724
11462224
7713404
10293033
15748654
7408939
12983227
4131696
5699876
12535260
341482
14957921
9659007
11376865
16007576
9339032
13116602
13859039
11758561
5809049
10713917
10284415
13887101
13091101
16211735
4725072
2558482
14645729
2704531
12785282
12932609
16642936
1538610
